30
30
7 1
2 2 2 8
1 3 2 1
3 1 1 1 4 8
1 2 2 2 2 1 1 1 1 1
1 2 2 2 1 2 2 1 1
2 6 1 1 3 1 1 1 1
2 1 2 1 2 1 1 1 1
1 3 1 2 1 3 1 1 1
2 6 1 2 1 3 1 1 1
1 8 1 2 1 5
1 3 2 1 1 1 2 3
8 1 1 2 1 1
9 2 1 2 2 3
6 4 1 2 3 3
5 1 2 2 4 3
4 2 2 2 4 1 2
3 1 1 2 1 1 2 3
1 1 1 3 4 1 1
1 3 2 1 1 1
2 2 1 4 1
1 2 2 2 2 3 1 1
4 1 1 1 2 1 1 3
10 1 1 1 1 6
7 2 3 1 3 1 1
8 1 1 3 1 1 2 1
8 2 1 1 3 3
9 1 2 2 1
4 5 1 9
1 1 1 1 3 10
4
1 2 8
5 3 6 5
2 3 8 10
1 1 12 7
1 3 10 7
3 3 3 3 1 1 8
4 2 3 2 5 5
1 2 6 1 6
2 5 3 2 1 5
2 2 1 3 6 2
7 2 4 4 1
6 1 4
4
4 7 2
2 4 2 4 1
1 2 2 1 3 1
1 2 7 2 1 3
4 1 2 4 1
3 3 4 2 1
2 4 8
2 5 3
3 2 1 1 1 4 1 2
2 4 3 1 1 1 1 2
1 1 1 1 2 2 2 7 2
1 2 1 2 7 1 1 2
1 1 1 1 3 1 3 2
1 2 1 2 9 5
1 1 1 1 2 2 1 2
1 2 1 2 10
