50
50
11
13
15
16
17
18
19
27
31
45
47
48
49
50
50
50
50
21 7 19
21 4 19
13 4 4 17
13 4 1 16
12 1 1 16
12 1 16
11 15
10 15
9 3 11
8 1 2 9
7 2 4 8
5 4 2 1 8
4 8 2 7
2 11 2 6
1 5 5 3 5
3 1 4 4
3 2 5 5
3 1 7 5
20 5
20 5
18 4
18 3
15 5
13 5
10 4
7 6
8
1 1 9
2 1 2 11
3 2 13
4 1 17
6 22
7 25
10
13
15
16
17
18
19
19
20
21
21
22
23 1
10 5 2
11 2 7 3
15 1 10 5
19 3 6 5
22 3 6 6
20 6 7 2
20 5 8
19 3 9
17 3 8
18 3 8 1
19 3 8 2
20 2 8 2
20 2 8 2 1
20 3 7 1
18 1 9 2
18 1 7 3
16 7 4
15 7 5
16 8 6
14 10 7
14 10 8
21 10
19 2 4 11
18 6 11
19 20
19 13 8
33 7
25 5
25 4
23 3
22 3
22 3
20 2
19 2
17 2
13 2
10 1
