50
50
9 3
2 1 1 1
2 3 2 1 2
2 1 4 1 1 1
6 5 1 2 2
2 5 3 1 1
2 3 6 3 1 2 2
1 4 8 2 1 2 1
3 5 10 4 3 1
1 5 11
3 1
2 7 11 8 2
1 7 11 8 2
3 8 11 9 2
3 8 11 10 2
3 10 11 11 1
2 12 11 12 2
2 14 11 12 1
2 15 11 13 2
1 16 11 13 2
1 16 11 11 1
2 16 14 12 1
1 16 14 12 2
2 16 14 12 1
1 15 14 9 2 1
2 14 14 2 1 1
2 14 14 12 1
1 14 8 12 2
1 11 4 6 11 1
2 7 4 3 5 11 2
2 6 4 2 2 10 1
1 2 2 4 2 9 2
1 5 1 1 1 7 2
2 3 3 2 4 1
4 2 1 3 2 2
2 2 5 1
2 2
2 7
3 2
1
2 1
3 3
3 2
1 1 1
2 2
3 4
9
8
7
6
4
4 1
2 5
2 2
2 5 4
1 7 2 1
2 11 5
1 12 2
2 16 2
1 16 2
3 16 1
3 16 2
1 18 1
3 20 1
2 19 1
2 20 2
2 21 2
2 22 1
1 21 1
1 21 2
3 1
2 13 6 1
2 15 6 2
1 16 6 1
1 17 6 1
1 17 6 2
1 17 6 1
1 12 7 2
1 4 12 7 2
3 1 11 8 2
1 2 11 9 1 1
1 10 9 4
2 9 1
2 9 11 3
1 9 12 2
1 9 2 2
5 14 6 2 2 4
5 14 6 3 1 3
1 18 7 2 2 3
3 18 7 1 1 7
3 16 8 1 1 6
3 12 8 1 2 5
5 11 9 2 5
2 10 9 1 1 6
2 9 7 2 1 6
2 6 6 3 3 5
3 4 5 3 3 3
3 4 2 2
2 2 3
4 3
6
